s=2
path=109,22
-165.202 185.354
217.006 4.21152
-97.0071 133.143
-48.4853 -174.986
-326.837 -18.2675
-123.627 -72.1757
216.915 -62.1786
194.877 -23.4076
-70.8616 -121.347
-21.2001 76.0083
-23.7535 177.498
241.818 175.959
152.687 33.5115
-224.29 167.31
158.974 48.0073
327.244 -150.092
-63.8943 -131.22
21.7583 -62.1657
310.741 -92.1057
64.8359 -171.962
52.4956 -273.156
-191.548 -63.4503
-371.543 -281.359
167.363 145.262
-115.541 171.222
-55.1715 -138.78
-27.867 -127.469
272.507 180.742
-283.336 94.2534
-183.668 -28.5
254.757 -178.144
50.5471 111.596
-149.475 -81.526
-182.136 142.229
312.026 80.0284
-343.187 1.9732
43.3407 -254.532
198.04 -122.078
275.689 25.5505
239.123 -246.208
-250.166 -135.86
-416.015 -149.027
64.2091 79.5975
-323.564 -225.294
-399.967 83.9198
-148.541 179.022
-385.675 -248.61
-366.319 -20.4228
-146.02 43.5528
51.882 81.4851
-151.015 -287.652
-375.835 81.9802
-220.307 162.721
76.6949 -24.8362
243.935 6.39833
97.1623 187.98
116.282 187.852
-420.29 -91.6116
292.07 -270.34
228.142 -124.313
-227.981 -248.918
-137.564 -187.897
258.411 -109.906
-236.271 -297.208
-367.468 196.464
-182.024 164.797
282.323 110.563
298.795 102.561
-60.8254 42.0862
214.91 134.169
94.2976 55.1011
97.1492 154.46
42.9093 80.917
-265.42 23.8915
-205.706 -13.9374
218.035 -67.1602
329.849 -11.2276
281.48 -289.163
-134.705 -268.83
-229.851 85.858
85.861 -91.0781
63.8958 -237.403
-315.663 -269.655
316.073 -254.998
-431.658 -228.541
257.632 37.1278
-230.139 -161.444
-252.041 -34.6302
-11.4989 -94.3286
73.5663 -102.185
215.792 -49.1981
-79.0719 -151.95
309.11 -288.753
314.914 8.27343
-299.726 40.6731
-103.996 -293.284
233.849 1.28109
16.3922 -94.3693
259.468 168.817
4.48793 -81.2504
169.956 -67.366
238.076 13.0824
-286.704 29.9906
-331.53 182.973
36.9571 -274.682
-64.516 -142.055
69.4376 107.237
-431.31 -208.72
-105.197 -245.809
72.4533 -5.55365
161.279 89.0773
-397.807 10.2111
289.74 -30.6504
178.571 2.96626
42.8803 176.486
-240.822 -119.273
-352.284 -121.779
-15.6357 -42.5765
-289.63 60.7551
-231.896 -167.799
-97.9361 -169.543
12.1199 -112.004
271.472 -140.762
127.52 141.854
310.633 158.355
17.0541 121.337
-417.851 -46.7126
-83.8229 173.611
-163.6 -271.362
72.6733 -261.054
-221.43 -238.394
-115.177 60.5897
142.961 -263.992
-147.541 20.3232
-344.144 74.5445
136.612 -114.853
330.109 -204.945
86.5462 -8.96789
-131.813 -169.23
-368.658 -180.322
241.998 12.6397
-357.182 -51.225
-272.948 -294.919
287.701 -151.936
-119.842 12.0462
265.797 -50.9296
179.498 -245.013
0.414969 -72.0868
-375.165 136.758
114.913 -159.895
-428.653 -107.936
-316.393 -134.512
177.833 -218.148
-280.883 151.822
-115.615 -250.079
-50.1792 -297.594
-143.797 104.602
-422.542 -280.719
45.5658 -298.009
252.011 103.99
7.74786 180.988
-95.9559 -253.177
-129.749 59.2307
-86.6045 77.3239
-338.583 -86.5616
149.924 41.5541
19.4699 194.131
-223.657 -275.153
229.223 -118.797
-26.3502 146.13
-347.882 101.353
-43.5018 -31.471
-169.619 194.414
-139.18 -142.161
144.906 -251.372
178.069 -147.582
183.827 145.955
55.6074 69.4313
-265.267 -193.586
55.6665 -148.436
-3.68787 -44.1028
101.205 -200.841
244.005 -276.79
286.238 -200.904
-364.354 -284.642
-301.712 -59.0537
-264.798 -140.788
-105.449 46.4148
-416.365 88.2511
121.968 132.615
178.803 -143.568
-42.7364 -105.753
-59.4037 196.512
273.288 2.56504
316.378 168.205
-426.029 174.494
150.218 76.9696
49.1484 137.299
-241.598 159.394
-129.353 84.5917
-142.179 44.1815
-286.451 -58.3459
-376.99 -27.5488
-227.328 -70.7214
-327.107 -200.88
-252.681 -283.395
297.543 -126.126
-170.886 -34.5406
-80.9967 -19.2631
202.949 19.973
282.396 146.416
86.1442 -61.9629
35.9428 50.0247
126.818 -176.638
-50.7902 70.8131
108.376 74.3527
-294.869 172.31
29.0552 -153.864
-268.961 -45.3861
-197.433 128.093
-422.024 35.1232
-52.6511 -113.771
303.647 -276.916
-89.5241 -61.7373
39.0373 -141.904
-247.603 -13.9434
148.545 -24.0041
224.74 79.0522
-31.6022 105.949
-326.766 -26.1977
-28.1082 10.4895
136.447 -101.83
165.774 -162.258
-373.549 -174.185
-303.237 -269.962
207.579 14.4352
-349.618 -208.838
-289.658 180.852
-105.287 -5.07826
-427.264 -29.8303
21.6142 -86.2461
-271.794 105.381
200.924 -11.5408
-338.479 -277.845
-311.95 145.57
-379.527 -234.86
291.56 159.623
-281.391 38.6583
-428.74 -122.13
-47.0036 -182.364
219.251 40.507
20.9291 -238.729
-22.7163 -275.922
-241.285 175.253
-125.093 174.484
100.51 -150.981
-408.449 -141.676
269.967 107.124
-136.693 143.753
23.3287 12.4671
-168.657 -100.49
103.076 -134.111
-246.898 189.319
-317.914 -128.755
77.7381 -63.0509
299.354 150.98
-331.928 172.333
-166.919 177.678
-405.753 151.227
-370.614 169.026
138.604 -294.949
-431.668 -234.068
269.13 61.054
-247.527 -111.538
-345.512 -17.4379
28.8146 14.3114
125.578 -212.511
-224.731 -50.5693
296.213 100.752
104.087 -259.908
-96.3297 -88.9962
-59.948 -210.474
-423.024 195.881
-286.277 189.504
243.156 -127.502
-295.291 48.9177
148.683 154.466
154.839 -211.795
-24.2461 -3.54565
-121.657 -119.106
13.1664 -256.952
-275.447 -196.163
30.7637 -250.946
269.48 -40.1779
-141.173 -188.235
-318.453 -126.036
-63.6569 -77.8314
-211.868 -123.966
328.845 29.5306
319.879 149.965
-203.145 31.7651
182.47 44.1052
1.97956 -196.043
44.9573 -231.857
-89.8111 -191.644
-206.426 -100.497
-339.148 -85.9699
-294.985 91.5849
-79.0693 -234.248
154.681 -77.46
-207.541 -278.091
-282.378 -137.976
-90.281 62.471
130.486 -67.9176
-378.566 40.0715
-58.3707 -179.819
148.013 -126.224
-344.569 150.411
174.379 -244.607
58.5804 -64.1737
-339.101 -216.589
208.524 195.153
-11.6981 -31.3968
275.924 110.995
134.409 -157.262
140.025 36.1651
-297.061 23.9209
135.43 -70.4283
-204.872 155.049
166.367 -143.267
199.376 -44.4597
74.9615 195.646
186.689 20.4799
-214.057 -40.5459
327.072 -19.0191
208.242 -56.1798
10.9705 -33.9674
-406.161 -2.37022
-176.019 -1.81049
179.471 -27.1555
-199.431 193.824
67.2989 -194.998
-63.9452 1.63445
108.537 -202.278
-80.7027 -219.194
-269.404 36.1358
-234.027 -189.507
65.2398 2.6384
190.127 122.795
-328.885 132.74
-155.537 -52.6055
301.29 83.816
83.1242 162.764
-381.197 -250.291
41.0543 39.0317
-159.089 -202.375
-360.465 -106.042
281.683 -67.3614
-118.405 42.3324
-125.317 -160.985
191.226 -189.494
-232.063 -187.929
80.2639 195.717
277.794 8.56844
-305.746 63.8084
118.036 -183.314
-277.779 94.3472
-372.948 -36.7858
-111.68 88.0967
-387.374 -159.83
72.4006 -180.878
-400.98 -158.139
-39.6483 -296.848
132.317 -215.561
107.295 163.535
299.268 -183.035
-417.609 -261.697
-348.828 13.4301
-240.137 76.3755
-319.869 18.2631
-89.5988 1.41731
-101.437 166.589
82.9911 -48.402
-74.5026 -150.357
266.451 -100.286
268.167 51.7452
-313.84 165.568
168.939 -117.637
-419.874 -114.167
88.1817 90.981
311.185 -233.774
-192.931 -78.4464
56.8037 -7.29118
117.348 -121.367
165.085 -133.403
-337.734 -283.812
-376.265 -5.59313
-374.837 -156.477
-194.741 86.3967
-189.1 -28.5849
-162.377 -116.816
183.59 -27.9937
299.303 -127.602
-385.13 90.4157
-139.373 -278.353
220.778 -267.579
-422.158 -145.482
-254.286 -115.351
72.3942 49.001
-4.29073 24.9833
329.841 88.4949
-20.321 130.607
214.903 -44.035
-104.683 92.1806
172.863 193.366
106.992 5.92158
27.5334 30.0778
120.448 119.186
106.733 180.803
185.156 171.911
-253.143 -52.3114
13.1251 -252.193
83.0382 33.7478
250.396 -104.628
162.246 31.0635
79.8209 -191.041
-367.186 -168.369
171.385 15.6784
-414.6 182.635
189.978 -192.349
-44.3414 22.8216
-125.887 -4.03645
236.428 -242.462
99.7097 62.9425
193.408 -240.186
212.229 -2.58999
-261.921 -51.8279
-123.439 -62.6769
131.302 -40.9767
-37.6621 91.3965
-386.833 98.6689
28.3649 -258.554
197.41 -275.089
-32.3663 -200.508
-215.858 -269.293
-329.407 183.132
-148.159 -76.471
295.864 -33.979
319.159 1.27169
-363.787 -259.946
-116 -220.58
-310.07 -13.8521
-87.1829 -140.457
178.856 -286.53
-202.129 26.1929
-17.5044 -133.814
-116.906 -147.804
121.128 -218.099
245.992 -251.078
-168.278 -45.9596
-277.242 -167.959
256.178 -157.416
-112.585 -240.101
20.743 -25.5403
75.8217 -6.00613
-32.9431 -250.942
23.57 -19.8774
71.6935 3.97491
19.3164 -96.9784
-308.873 -22.8125
-281.447 65.2624
234.017 -279.832
-121.15 -13.2121
-141.33 -288.54
153.884 72.702
-271.566 -12.8741
66.0988 -298.66
153.957 50.3182
73.3165 -76.3803
-110.708 -142.325
-50.5061 -110.703
262.42 -120.176
73.7824 -125.073
197.113 -0.765327
-276.029 168.59
-60.9266 -181.085
275.991 -243.755
59.9416 -48.1486
261.728 -4.05983
-108.825 -151.019
220.654 -293.045
315.601 -207.789
78.4587 -137.155
-410.944 -90.4778
123.691 -272.274
-120.772 -93.8274
260.552 54.9652
-354.68 94.0679
88.1363 -124.229
173.372 144.58
162.217 106.41
-182.994 196.581
37.8226 23.4486
-377.356 -91.1294
-386.574 108.537
27.9879 -121.979
-303.819 165.695
73.2795 132.203
-221.99 -147.521
39.7551 149.727
142.819 -120.892
95.08 -255.41
122.087 -236.276
60.8064 -259.206
317.731 112.392
-140.955 -259.273
306.383 -42.3158
-78.8006 -41.4556
-67.749 -295.794
197.531 30.9775
-370.191 -228.683
-186.665 0.754695
-268.008 0.333766
197.051 25.1744
150.955 -32.5757
-351.196 -120.792
-389.799 -146.546
79.8108 127.649
232.904 -6.57501
-305.922 -281.314
-407.944 167.633
-38.2263 90.1433
-22.9802 -91.0471
198.04 -164.543
-191.488 140.033
-72.5232 -11.0345
-113.972 -131.222
-239.273 -293.168
-42.6254 -201.796
87.9484 -287.978
280.893 -128.864
-310.71 -57.6766
-376.714 -155.365
-118.053 -35.9442
10.6144 168.675
209.045 -102.569
-276.691 -22.8212
27.3104 180.681
-39.8203 193.826
-318.506 -230.924
-28.2522 82.235
-83.4914 111.532
103.462 0.522353
-187.46 -138.833
-256.221 37.5164
-156.506 30.0676
167.902 -242.204
-423.43 -262.209
-376.642 96.5231
207.695 -271.675
128.32 3.89202
-42.1804 -18.0207
292.739 157.743
-194.564 -188.86
-387.829 -89.8447
227.375 -253.99
-319.222 7.9401
-319.761 -99.9198
-381.992 -7.96256
-15.7037 -73.3302
-39.0172 -17.2372
212.368 -71.4112
-300.168 -139.796
-117.246 145.904
-331.926 -150.752
-249.437 100.555
154.381 -248.189
247.637 99.7423
223.523 27.6777
-203.755 -9.23044
-36.7288 -239.356
128.924 -79.6009
-142.723 -273.421
-116.46 -168.546
-227.788 -65.0877
-239.892 -6.08675
265.543 -147.453
-368.809 -185.706
261.317 37.103
1.25643 -83.318
239.156 115.895
-1.03483 50.1317
69.7791 97.4148
-132.281 -129.269
-345.338 16.0327
-167.692 -131.287
-269.089 36.8921
122.2 -222.461
-294.146 -59.2012
-224.03 -247.384
-306.262 -3.50514
-327.179 -70.2614
-66.98 59.8609
169.933 62.7297
206.001 183.947
-1.09943 150.96
-33.2725 121.634
-408.661 67.372
-59.4315 -38.6858
-378.441 176.627
208.411 -219.956
-106.805 -134.617
-116.183 46.8811
35.7752 58.4378
-165.468 73.8103
-374.56 67.2591
-424.327 -249.015
109.332 -139.202
326.483 -243.207
-122.561 -96.3699
-166.519 -268.901
170.08 -237.584
44.8143 53.2906
-35.7565 -120.893
-347.083 -99.4441
-302.845 -59.2036
217.731 -280.936
-281.117 -154.22
-410.377 -270.105
200.241 -242.691
49.1334 51.1804
138.63 10.3576
-367.819 -240.036
11.5964 -239.967
226.79 -108.324
139.577 -95.8003
229.454 -50.5212
200.482 24.535
-303.512 -48.646
-215.036 -175.799
-144.765 -53.1259
175.663 71.2378
-207.728 180.929
-107.479 22.7439
-49.5543 -261.122
-393.978 -151.992
-166.938 -162.943
12.6479 -293.346
-311.016 194.365
-330.186 -127.907
-333.856 114.675
200.511 -133.664
165.596 -112.368
-152.13 98.5105
-143.834 -47.5792
-85.8926 185.006
-89.1001 66.3765
-281.011 -65.533
81.3841 96.7625
196.078 -121.854
-115.078 -257.766
-416.001 99.4018
-395.007 -51.1691
-370.558 -186.916
-209.802 -278.123
-403.697 -254.306
-324.569 195.808
-170.412 -174.209
-166.357 76.2514
-4.57936 158.085
190.563 146.078
204.695 -285.242
110.063 16.6697
-315.179 0.342439
167.651 -243.783
198.355 -185.984
-201.781 153.058
-343.559 139.677
83.9661 -273.76
-170.549 -14.8591
-86.0065 -132.21
-323.448 88.9019
-147.167 -244.593
-166.647 -62.7342
-412.808 -135.873
-118.875 -40.6759
-241.204 -201.777
-35.7491 56.9071
129.053 -158.58
316.581 -6.17443
-397.544 35.1539
167.869 -170.39
-312.501 93.8074
-326.256 57.5849
143.372 50.906
-38.9968 -112.825
-58.3903 -278.728
-258.036 -240.628
239.215 27.016
31.1814 -10.5546
176.711 41.5362
40.7419 47.3356
167.139 156.82
172.39 -63.6122
222.861 -237.644
71.8242 -254.32
98.0716 -188.241
-359.889 -63.5875
-305.645 -219.588
225.481 -203.375
-360.647 -147.691
164.963 18.6311
261.198 83.0929
-343.228 41.5116
251.796 -35.2734
-345.97 -210.027
281.277 87.0727
-99.1838 -104.083
154.933 176.096
205.398 -293.176
191.228 -283.301
-3.43585 14.1074
-109.219 -244.903
124.67 79.0768
-329.288 133.819
181.256 70.1649
-34.9038 40.2053
-116.875 124.224
-426.99 -57.2254
63.6536 90.585
-364.409 -161.049
-215.183 172.359
111.512 -290.09
322.251 172.146
305.146 -208.829
131.305 133.675
314.808 -219.954
-206.968 53.3217
231.521 -161.896
125.736 -189.695
-334.31 -133.02
135.875 85.5005
-339.463 -264.526
-161.152 -99.9488
196.427 -82.8118
-408.486 159.758
288.135 168.631
-171.085 -87.1751
20.2474 -24.4946
30.9407 -50.0908
-50.9122 79.1319
-199.036 125.315
64.9333 -261.325
-303.629 113.06
-30.4442 -248.983
-356.534 -48.337
188.933 -280.732
-67.6857 -235.151
-44.0412 -72.5931
241.441 -236.356
-103.675 2.58266
-411.038 -37.924
182.981 -290.111
-158.729 -282.906
-156.604 -201.261
50.9624 32.3639
-382.226 58.5344
-305.379 108.053
309.458 43.2978
148.765 189.03
-25.3196 -16.7606
40.723 40.3341
-420.098 -297.661
-199.992 -232.716
29.9965 -74.5622
173.794 -48.0457
-395.717 -175.946
-21.0331 -144.617
-388.522 189.11
-64.3604 133.108
115.542 -43.5071
-264.175 -264.658
265.444 -200.647
90.4735 -114.91
240.204 -71.7534
-347.499 -263.7
230.445 -146.356
-343.307 -254.19
309.635 21.4299
148.939 55.6052
-87.4544 -250.699
70.7541 179.28
-51.8733 142.452
-412.8 138.174
286.325 172.468
209.45 85.6905
200.741 -12.336
39.2783 -220.313
-353.267 171.358
-300.259 155.413
85.4845 -111.902
-423.542 81.619
-101.087 177.32
45.8619 40.5183
180.472 -31.9126
-361.964 -263.855
-30.9304 -222.363
39.7448 103.128
-57.6787 -85.281
-200.445 192.393
-22.5973 143.883
39.7825 -246.859
-175.956 132.619
-89.8208 132.534
-37.0048 -25.0567
253.717 4.62342
70.2273 -168.267
274.544 -137.322
-24.5592 -95.2565
-429.127 -91.6095
88.2407 -7.65596
292.384 -92.4813
-363.188 -112.973
-253.862 -145.984
-253.308 67.6779
-277.638 -294.845
-152.619 191.421
183.969 97.7716
-192.772 128.083
-73.0824 -10.4791
-308.725 126.374
-124.675 39.7119
-179.819 105.843
-420.448 110.312
-241.008 -122.596
-90.2492 -248.637
-265.59 -237.675
212.745 -153.698
-390.589 -182.529
244.868 -114.794
244.994 -150.756
12.7711 -262.579
-310.393 -25.87
-326.682 -205.62
101.243 65.4677
-181.1 145.943
-265.562 -230.513
32.6687 7.76001
117.717 179.859
157.957 -122.369
-272.53 59.8506
-83.0049 -162.18
-18.2899 -100.705
200.878 169.655
221.412 20.3026
-253.211 -105.614
-175.182 -106.916
-262.165 -80.4024
-238.233 -270.689
89.4608 -275.345
74.8764 88.6369
175.594 68.8412
-142.049 -62.1748
-248.923 74.5861
-239.288 -295.669
165.146 24.1006
-245.412 -79.8112
110.051 -7.02868
26.7144 196.142
266.177 -169.121
229.191 -235.463
-275.714 41.2753
185.333 -155.291
-385.238 -41.9169
-322.172 88.2291
55.8103 -90.4695
-84.8681 171.108
-431.373 -161.973
291.81 135.201
-407.852 59.3269
114.035 -289.263
-371.42 26.5468
-83.2443 -272.993
-149.356 -212.834
-310.113 23.2991
129.113 91.9151
184.771 189.664
-389.376 -250.818
190.379 -274.996
-194.14 -251.255
80.7574 -43.7368
163.653 39.4629
-294.179 -275.306
-323.554 -235.95
-276.869 -13.2925
-241.715 -151.044
186.109 -263.264
50.3913 -30.8918
-306.498 34.7443
-189.507 -33.8493
-425.404 178.102
287.988 -151.228
102.05 152.867
312.549 -205.515
275.385 -176.804
279.662 -166.66
-152.485 145.489
-360.646 -117.342
-382.131 -232.421
-281.959 -84.9018
-20.1211 -239.835
-428.768 -247.258
161.071 52.8528
-100.087 24.1212
-242.079 101.494
183.887 -84.7447
239.589 -22.4128
215.489 -82.1
189.92 -1.30456
131.632 -3.93536
240.641 -136.737
304.738 -33.1355
-110.169 111.703
-368.816 -180.771
66.8425 -36.166
-347.786 -199.163
238.265 5.9989
232.106 52.6388
34.0205 -185.398
111.642 151.944
-128.355 -48.7533
-393.364 -162.475
3.44091 -237.275
170.567 163.5
-307.199 107.159
261.861 192.66
-31.5995 171.774
-253.317 11.8536
198.249 -52.1165
-236.729 -234.706
-69.8195 -289.629
315.923 -50.8128
210.282 67.5633
-200.579 -2.37772
-165.142 -179.949
132.136 -228.282
132.85 -119.433
-259.1 -42.2153
155.454 134.09
140.103 129.765
324.066 -75.7319
-356.023 -203.828
-369.675 135.169
260.797 -64.3947
-333.037 -53.9126
-216.829 -288.989
72.6508 47.3317
120.17 168.038
-278.098 173.896
-158.391 -38.0448
296.213 -295.18
157.348 131.066
-145.222 137.714
-115.627 -23.3573
-357.466 150.973
106.904 -45.9301
176.878 -292.988
159.058 136.903
-233.23 146.482
-105.057 150.351
-156.086 -40.2133
-182.442 136.548
-409.485 191.915
129.957 195.9
-358.582 -77.0855
-270.454 71.3958
-231.044 -257.482
22.8854 -297.271
-202.702 30.1899
297.355 14.4315
214.527 -298.077
-263.51 -174.916
-142.078 -225.229
-347.154 -71.2706
93.4116 -150.509
-203.907 -35.641
16.6765 -193.359
-382.465 73.997
-347.088 -144.358
-402.203 13.4947
-38.5508 -148.952
314.559 9.34099
-25.1839 58.6177
-293.29 -279.861
-260.011 180.738
132.185 -178.914
282.52 -153.265
153.204 -278.165
-138.457 -4.83549
-122.672 -25.7864
