s=2
path=2,11
-197.846 -260.226
-6.05608 -264.389
29.6678 -54.9301
-59.0722 -213.049
-174.143 -152.06
185.036 -61.6408
168.801 131.856
-39.2982 89.0756
-205.325 -55.8196
32.6909 -78.7688
260.95 1.90381
-400.016 -8.87564
303.219 190.009
-209.565 127.343
-151.144 166.132
-117.013 -244.96
103.387 -21.7721
65.018 -56.0017
63.0491 -175.633
78.7298 -121.745
76.924 -230.206
-282.521 -230.494
32.4435 -171.987
-86.4074 -210.215
-261.792 -240.418
-391.003 -61.0315
-132.763 -65.9234
19.9425 133.448
-167.005 -181.546
161.164 -46.5525
-115.696 39.8983
-61.009 -266.772
-81.6869 67.8078
-149.416 -173.989
132.718 -63.5682
188.639 86.681
-117.072 -37.0107
235.41 22.8035
-291.233 69.8933
282.664 -81.3972
-155.312 -138.299
153.659 -162.644
56.6804 -242.909
30.1457 -18.9197
202.727 -83.2302
-256.252 139.993
-86.5481 10.7238
-271.437 67.3732
19.8444 -8.63136
-371.092 -4.71688
-319.538 -34.5681
244.473 -44.0479
253.468 -98.9727
162.649 135.089
-80.8259 -218.647
-252.848 133.371
-270.608 -7.50518
-62.4119 -63.0953
-125.041 55.4349
-220 148.51
172.004 -61.2447
-35.5623 66.7398
-393.906 31.7362
-11.0825 -73.9049
-93.0492 70.2323
-407 110.962
220.208 126.421
256.211 -5.76487
-229.866 -225.55
198.458 110.08
-27.1185 39.1572
57.9525 119.115
-95.391 168.154
-29.7854 39.5876
325.763 122.091
-267.027 -110.2
-398.66 -190.867
-184.06 -9.4231
-123.576 -287.427
-121.005 -66.4943
-228.113 45.7064
-65.6296 -122.038
-352.696 -161.711
-100.39 74.5082
151.911 92.0921
90.7438 -205.267
-355.643 49.4168
318.036 -193.732
-1.06602 -52.407
-320.403 -275.194
201.599 57.9509
-173.229 142.17
-17.9275 -9.22659
291.911 144.602
-346.557 -14.7152
-196.619 117.653
26.4135 84.5406
226.372 188.647
-13.2611 -160.354
-27.173 -256.635
